date,country,confirmed,cases_per_million,recovered,deaths,new_confirmed,new_cases_per_million,new_deaths,new_recovered
2020-05-27,United States,1715789.0,5206.0,360824.0,100163.0,18428.0,56.0,701.0,7840.0
2020-05-27,Brazil,392360.0,1857.0,158593.0,24549.0,15691.0,75.0,1027.0,4760.0
2020-05-27,Russia,362342.0,2469.0,131129.0,3807.0,0.0,0.0,0.0,0.0
2020-05-27,United Kingdom,265227.0,3992.0,,37048.0,4043.0,61.0,134.0,
2020-05-27,Spain,236529.0,5022.0,150376.0,27117.0,1129.0,24.0,283.0,0.0
2020-05-27,Italy,230555.0,3827.0,144658.0,32955.0,397.0,7.0,78.0,2677.0
2020-05-27,Germany,181288.0,2180.0,163681.0,8498.0,499.0,6.0,70.0,1033.0
2020-05-27,Turkey,158762.0,1909.0,121507.0,4397.0,948.0,11.0,28.0,1492.0
2020-05-27,France,145555.0,2170.0,65879.0,28530.0,276.0,4.0,98.0,680.0
2020-05-27,India,145380.0,107.0,60491.0,4167.0,0.0,0.0,0.0,0.0
2020-05-27,Iran,139511.0,1674.0,109437.0,7508.0,1787.0,21.0,57.0,1724.0
2020-05-27,Peru,129751.0,4038.0,52906.0,3788.0,5772.0,180.0,159.0,1957.0
2020-05-27,Canada,86647.0,2281.0,45339.0,6639.0,937.0,24.0,94.0,701.0
2020-05-27,Mainland China,82992.0,59.0,78277.0,4634.0,0.0,0.0,0.0,0.0
2020-05-27,Chile,77961.0,4080.0,30915.0,806.0,3964.0,207.0,45.0,1613.0
2020-05-27,Saudi Arabia,76726.0,2242.0,48450.0,411.0,1931.0,56.0,12.0,2782.0
2020-05-27,Mexico,74560.0,589.0,52219.0,8134.0,3455.0,27.0,501.0,2329.0
2020-05-27,Pakistan,57705.0,263.0,18314.0,1197.0,0.0,0.0,0.0,0.0
2020-05-27,Belgium,57455.0,4985.0,15320.0,9334.0,0.0,0.0,0.0,0.0
2020-05-27,Qatar,47207.0,17183.0,11844.0,28.0,1742.0,634.0,2.0,2481.0
2020-05-27,Netherlands,45578.0,2612.0,,5856.0,133.0,8.0,26.0,
2020-05-27,Belarus,38059.0,4043.0,15086.0,208.0,0.0,0.0,0.0,0.0
2020-05-27,Ecuador,37355.0,2140.0,3560.0,3203.0,0.0,0.0,0.0,0.0
2020-05-27,Bangladesh,36751.0,218.0,7579.0,522.0,1166.0,7.0,21.0,245.0
2020-05-27,Sweden,34440.0,3333.0,4971.0,4125.0,597.0,58.0,96.0,0.0
2020-05-27,Singapore,32343.0,5671.0,16444.0,23.0,383.0,68.0,0.0,706.0
2020-05-27,United Arab Emirates,31086.0,3143.0,15982.0,253.0,779.0,79.0,5.0,325.0
2020-05-27,Portugal,31007.0,3017.0,18096.0,1342.0,219.0,21.0,9.0,274.0
2020-05-27,Switzerland,30761.0,3582.0,28200.0,1648.0,0.0,0.0,0.0,0.0
2020-05-27,Ireland,24735.0,5026.0,21060.0,1615.0,37.0,8.0,9.0,0.0
2020-05-27,South Africa,24264.0,413.0,12741.0,524.0,649.0,11.0,43.0,824.0
2020-05-27,Indonesia,23165.0,87.0,5877.0,1418.0,0.0,0.0,0.0,0.0
2020-05-27,Colombia,23003.0,466.0,5511.0,776.0,1022.0,21.0,26.0,246.0
2020-05-27,Kuwait,22575.0,5107.0,7306.0,172.0,608.0,137.0,7.0,685.0
2020-05-27,Poland,22074.0,575.0,10020.0,1024.0,443.0,11.0,17.0,744.0
2020-05-27,Ukraine,21584.0,515.0,7575.0,644.0,0.0,0.0,0.0,0.0
2020-05-27,Egypt,18756.0,187.0,5027.0,797.0,789.0,8.0,14.0,127.0
2020-05-27,Romania,18429.0,950.0,11874.0,1210.0,146.0,8.0,17.0,244.0
2020-05-27,Israel,16743.0,1824.0,14362.0,281.0,0.0,0.0,0.0,0.0
2020-05-27,Japan,16628.0,132.0,13612.0,851.0,0.0,0.0,0.0,0.0
2020-05-27,Austria,16496.0,1853.0,15182.0,643.0,37.0,4.0,2.0,44.0
2020-05-27,Dominican Republic,15264.0,1474.0,8534.0,468.0,191.0,19.0,8.0,249.0
2020-05-27,Philippines,14669.0,135.0,3412.0,886.0,0.0,0.0,0.0,0.0
2020-05-27,Argentina,13215.0,294.0,4154.0,490.0,600.0,13.0,23.0,168.0
2020-05-27,Afghanistan,11831.0,367.0,1128.0,220.0,658.0,20.0,1.0,31.0
2020-05-27,Panama,11447.0,2713.0,6379.0,313.0,264.0,62.0,3.0,100.0
2020-05-27,Denmark,11426.0,1962.0,10044.0,563.0,39.0,6.0,0.0,80.0
2020-05-27,Serbia,11227.0,1612.0,6067.0,239.0,34.0,5.0,0.0,147.0
2020-05-27,South Korea,11225.0,217.0,10275.0,269.0,0.0,0.0,0.0,0.0
2020-05-27,Bahrain,9366.0,6069.0,4938.0,14.0,195.0,127.0,0.0,185.0
2020-05-27,Czechia,9050.0,846.0,6270.0,317.0,48.0,4.0,0.0,88.0
2020-05-27,Kazakhstan,8969.0,480.0,4613.0,37.0,0.0,0.0,2.0,98.0
2020-05-27,Algeria,8697.0,202.0,4918.0,617.0,194.0,4.0,8.0,171.0
2020-05-27,Norway,8383.0,1562.0,7727.0,236.0,19.0,4.0,1.0,0.0
2020-05-27,Nigeria,8344.0,40.0,2385.0,249.0,276.0,1.0,16.0,74.0
2020-05-27,Oman,8118.0,1740.0,2067.0,37.0,348.0,74.0,1.0,134.0
2020-05-27,Malaysia,7604.0,232.0,6041.0,115.0,0.0,0.0,0.0,0.0
2020-05-27,Morocco,7577.0,211.0,4881.0,202.0,45.0,1.0,2.0,107.0
2020-05-27,Armenia,7402.0,2503.0,3220.0,91.0,289.0,98.0,4.0,75.0
2020-05-27,Moldova,7305.0,2724.0,3884.0,267.0,158.0,59.0,6.0,82.0
2020-05-27,Australia,7131.0,278.0,6553.0,102.0,15.0,1.0,0.0,21.0
2020-05-27,Ghana,7117.0,235.0,2317.0,34.0,309.0,10.0,2.0,237.0
2020-05-27,Bolivia,6660.0,581.0,647.0,261.0,397.0,35.0,11.0,18.0
2020-05-27,Finland,6628.0,1199.0,5100.0,312.0,29.0,5.0,5.0,300.0
2020-05-27,Cameroon,5436.0,205.0,1865.0,165.0,546.0,21.0,0.0,0.0
2020-05-27,Iraq,4848.0,124.0,2852.0,169.0,216.0,6.0,6.0,41.0
2020-05-27,Azerbaijan,4403.0,437.0,2819.0,52.0,132.0,13.0,1.0,78.0
2020-05-27,Honduras,4189.0,457.0,473.0,182.0,239.0,26.0,2.0,5.0
2020-05-27,Luxembourg,3995.0,6508.0,3783.0,110.0,2.0,4.0,0.0,2.0
2020-05-27,Sudan,3976.0,94.0,503.0,170.0,156.0,4.0,5.0,45.0
2020-05-27,Hungary,3771.0,386.0,1836.0,499.0,0.0,0.0,0.0,0.0
2020-05-27,Guatemala,3760.0,226.0,274.0,59.0,336.0,20.0,1.0,16.0
2020-05-27,Uzbekistan,3290.0,96.0,2636.0,14.0,29.0,0.0,1.0,29.0
2020-05-27,Guinea,3275.0,268.0,1673.0,20.0,0.0,0.0,0.0,0.0
2020-05-27,Tajikistan,3266.0,358.0,1417.0,47.0,166.0,18.0,1.0,22.0
2020-05-27,Senegal,3161.0,195.0,1565.0,39.0,31.0,2.0,0.0,50.0
2020-05-27,Thailand,3045.0,46.0,2929.0,57.0,3.0,0.0,0.0,1.0
2020-05-27,Greece,2892.0,270.0,1374.0,173.0,10.0,1.0,1.0,0.0
2020-05-27,Côte d'Ivoire,2477.0,96.0,1286.0,30.0,54.0,2.0,0.0,29.0
2020-05-27,Djibouti,2468.0,2289.0,1079.0,14.0,0.0,0.0,0.0,0.0
2020-05-27,Bulgaria,2443.0,349.0,880.0,130.0,10.0,1.0,0.0,18.0
2020-05-27,Bosnia and Herzegovina,2416.0,732.0,1721.0,149.0,10.0,3.0,3.0,25.0
2020-05-27,Democratic Republic of the Congo,2296.0,26.0,337.0,67.0,0.0,0.0,0.0,0.0
2020-05-27,Croatia,2244.0,551.0,2046.0,101.0,0.0,0.0,1.0,11.0
2020-05-27,Gabon,2238.0,1030.0,593.0,14.0,103.0,47.0,0.0,131.0
2020-05-27,El Salvador,2042.0,315.0,787.0,36.0,59.0,9.0,1.0,189.0
2020-05-27,North Macedonia,2014.0,970.0,1453.0,116.0,15.0,8.0,3.0,14.0
2020-05-27,Cuba,1963.0,175.0,1709.0,82.0,16.0,1.0,0.0,5.0
2020-05-27,Estonia,1834.0,1381.0,1552.0,65.0,10.0,8.0,0.0,14.0
2020-05-27,Iceland,1804.0,4953.0,1792.0,10.0,0.0,0.0,0.0,1.0
2020-05-27,Somalia,1711.0,108.0,253.0,67.0,22.0,2.0,1.0,18.0
2020-05-27,Lithuania,1639.0,587.0,1165.0,65.0,0.0,0.0,0.0,0.0
2020-05-27,Mayotte,1587.0,6937.0,,20.0,0.0,0.0,0.0,
2020-05-27,Slovakia,1513.0,277.0,1322.0,28.0,2.0,0.0,0.0,15.0
2020-05-27,Slovenia,1469.0,702.0,1346.0,108.0,0.0,0.0,1.0,6.0
2020-05-27,Kyrgyzstan,1468.0,225.0,1015.0,16.0,0.0,0.0,0.0,0.0
2020-05-27,Maldives,1438.0,3837.0,197.0,5.0,43.0,115.0,1.0,53.0
2020-05-27,Kenya,1348.0,28.0,405.0,52.0,62.0,1.0,0.0,3.0
2020-05-27,Sri Lanka,1319.0,60.0,712.0,10.0,137.0,6.0,0.0,17.0
2020-05-27,Venezuela,1211.0,38.0,302.0,11.0,34.0,1.0,1.0,0.0
2020-05-27,Guinea-Bissau,1178.0,734.0,42.0,7.0,0.0,0.0,0.0,0.0
2020-05-27,New Zealand,1154.0,232.0,1461.0,21.0,0.0,0.0,0.0,0.0
2020-05-27,Lebanon,1140.0,167.0,689.0,26.0,21.0,3.0,0.0,1.0
2020-05-27,Mali,1077.0,54.0,617.0,70.0,18.0,1.0,3.0,13.0
2020-05-27,Hong Kong,1066.0,142.0,1033.0,4.0,0.0,0.0,0.0,3.0
2020-05-27,Haiti,1063.0,92.0,22.0,31.0,105.0,9.0,4.0,0.0
2020-05-27,Latvia,1053.0,552.0,741.0,22.0,4.0,2.0,0.0,29.0
2020-05-27,Tunisia,1051.0,90.0,919.0,48.0,0.0,0.0,0.0,2.0
2020-05-27,Equatorial Guinea,1043.0,768.0,165.0,12.0,0.0,0.0,0.0,0.0
2020-05-27,Kosovo,1038.0,578.0,791.0,30.0,6.0,3.0,1.0,6.0
2020-05-27,Albania,1029.0,362.0,803.0,33.0,25.0,9.0,1.0,8.0
2020-05-27,Costa Rica,956.0,189.0,634.0,10.0,5.0,1.0,0.0,6.0
2020-05-27,Niger,952.0,43.0,796.0,63.0,1.0,0.0,1.0,10.0
2020-05-27,Cyprus,939.0,1072.0,594.0,17.0,2.0,2.0,0.0,0.0
2020-05-27,Zambia,920.0,51.0,336.0,7.0,0.0,0.0,0.0,0.0
2020-05-27,Paraguay,877.0,123.0,382.0,11.0,12.0,2.0,0.0,38.0
2020-05-27,Burkina Faso,832.0,40.0,672.0,52.0,0.0,0.0,0.0,0.0
2020-05-27,South Sudan,806.0,63.0,6.0,8.0,0.0,0.0,0.0,0.0
2020-05-27,Uruguay,789.0,224.0,638.0,22.0,2.0,0.0,0.0,9.0
2020-05-27,Nepal,772.0,26.0,151.0,4.0,90.0,3.0,0.0,39.0
2020-05-27,Andorra,763.0,9840.0,663.0,51.0,0.0,0.0,0.0,0.0
2020-05-27,Nicaragua,759.0,117.0,370.0,35.0,480.0,74.0,18.0,171.0
2020-05-27,Sierra Leone,754.0,95.0,297.0,44.0,19.0,2.0,2.0,4.0
2020-05-27,Georgia,732.0,197.0,537.0,12.0,1.0,1.0,0.0,11.0
2020-05-27,Jordan,718.0,67.0,488.0,9.0,7.0,0.0,0.0,9.0
2020-05-27,Ethiopia,701.0,7.0,167.0,6.0,46.0,0.0,1.0,8.0
2020-05-27,Chad,700.0,43.0,303.0,62.0,13.0,1.0,1.0,59.0
2020-05-27,Central African Republic,671.0,122.0,22.0,1.0,19.0,3.0,0.0,0.0
2020-05-27,San Marino,666.0,19837.0,275.0,42.0,0.0,0.0,0.0,5.0
2020-05-27,Malta,611.0,1238.0,485.0,6.0,0.0,0.0,0.0,0.0
2020-05-27,Madagascar,586.0,22.0,147.0,2.0,44.0,1.0,0.0,0.0
2020-05-27,Jamaica,556.0,204.0,238.0,9.0,4.0,2.0,0.0,27.0
2020-05-27,Tanzania,509.0,9.0,183.0,21.0,0.0,0.0,0.0,0.0
2020-05-27,Republic of the Congo,487.0,88.0,147.0,16.0,0.0,0.0,0.0,-1200.0
2020-05-27,Taiwan,441.0,19.0,416.0,7.0,0.0,0.0,0.0,1.0
2020-05-27,Palestine,429.0,86.0,365.0,3.0,6.0,1.0,0.0,8.0
2020-05-27,Togo,391.0,52.0,177.0,13.0,5.0,1.0,0.0,16.0
2020-05-27,Cape Verde,390.0,708.0,155.0,4.0,0.0,0.0,1.0,0.0
2020-05-27,Rwanda,369.0,30.0,244.0,0.0,42.0,4.0,0.0,7.0
2020-05-27,Isle of Man,336.0,4033.0,306.0,24.0,0.0,0.0,0.0,1.0
2020-05-27,Mauritius,334.0,264.0,322.0,10.0,0.0,0.0,0.0,0.0
2020-05-27,Vietnam,327.0,3.0,272.0,0.0,1.0,0.0,0.0,0.0
2020-05-27,Montenegro,324.0,521.0,315.0,9.0,0.0,0.0,0.0,0.0
2020-05-27,Jersey,307.0,2875.0,280.0,29.0,0.0,0.0,0.0,0.0
2020-05-27,French Guiana,279.0,978.0,,1.0,0.0,0.0,0.0,
2020-05-27,Mauritania,268.0,66.0,15.0,13.0,6.0,2.0,4.0,0.0
2020-05-27,Liberia,266.0,59.0,144.0,26.0,1.0,0.0,0.0,3.0
2020-05-27,Eswatini,261.0,239.0,164.0,2.0,5.0,5.0,0.0,6.0
2020-05-27,Uganda,253.0,6.0,69.0,0.0,41.0,1.0,0.0,1.0
2020-05-27,Guernsey,252.0,4013.0,237.0,13.0,,,,
2020-05-27,Yemen,249.0,8.0,10.0,49.0,16.0,0.0,5.0,0.0
2020-05-27,Mozambique,213.0,7.0,71.0,1.0,4.0,0.0,0.0,0.0
2020-05-27,Benin,208.0,18.0,118.0,3.0,17.0,2.0,0.0,34.0
2020-05-27,Myanmar (Burma),206.0,4.0,124.0,6.0,3.0,0.0,0.0,1.0
2020-05-27,Martinique,197.0,508.0,,14.0,0.0,0.0,0.0,
2020-05-27,Faroe Islands,187.0,3588.0,187.0,0.0,0.0,0.0,0.0,0.0
2020-05-27,São Tomé and Príncipe,174.0,862.0,,9.0,0.0,0.0,0.0,
2020-05-27,Guadeloupe,156.0,384.0,,13.0,0.0,0.0,0.0,
2020-05-27,Gibraltar,154.0,4570.0,147.0,0.0,0.0,0.0,0.0,0.0
2020-05-27,Brunei,141.0,319.0,137.0,1.0,0.0,0.0,0.0,0.0
2020-05-27,Mongolia,141.0,43.0,32.0,0.0,0.0,0.0,0.0,0.0
2020-05-27,Bermuda,139.0,2171.0,91.0,9.0,6.0,94.0,0.0,2.0
2020-05-27,Guyana,139.0,178.0,62.0,11.0,2.0,3.0,0.0,0.0
2020-05-27,Cayman Islands,137.0,2082.0,63.0,1.0,3.0,46.0,0.0,2.0
2020-05-27,Cambodia,124.0,8.0,122.0,0.0,0.0,0.0,0.0,0.0
2020-05-27,Syria,121.0,7.0,41.0,4.0,15.0,1.0,0.0,0.0
2020-05-27,Trinidad and Tobago,116.0,85.0,,8.0,0.0,0.0,0.0,
2020-05-27,Northern Cyprus,108.0,331.0,104.0,4.0,0.0,0.0,0.0,0.0
2020-05-27,Malawi,101.0,5.0,37.0,4.0,0.0,0.0,0.0,0.0
2020-05-27,Aruba,101.0,899.0,95.0,3.0,0.0,0.0,0.0,0.0
2020-05-27,The Bahamas,100.0,260.0,46.0,11.0,0.0,0.0,0.0,0.0
2020-05-27,Monaco,98.0,2559.0,90.0,4.0,0.0,0.0,0.0,0.0
2020-05-27,Barbados,92.0,321.0,70.0,7.0,0.0,0.0,0.0,0.0
2020-05-27,Liechtenstein,82.0,2116.0,55.0,1.0,0.0,0.0,0.0,0.0
2020-05-27,Sint Maarten,77.0,1896.0,59.0,15.0,0.0,0.0,0.0,0.0
2020-05-27,Libya,77.0,11.0,40.0,3.0,2.0,0.0,0.0,1.0
2020-05-27,Angola,70.0,2.0,18.0,4.0,0.0,0.0,0.0,0.0
2020-05-27,French Polynesia,60.0,217.0,60.0,0.0,0.0,0.0,0.0,0.0
2020-05-27,Zimbabwe,56.0,4.0,25.0,4.0,0.0,0.0,0.0,0.0
2020-05-27,Macao,45.0,66.0,45.0,0.0,0.0,0.0,0.0,0.0
2020-05-27,Burundi,42.0,4.0,20.0,1.0,0.0,0.0,0.0,0.0
2020-05-27,Eritrea,39.0,11.0,39.0,0.0,0.0,0.0,0.0,0.0
2020-05-27,Saint Martin,39.0,1091.0,,3.0,0.0,0.0,0.0,
2020-05-27,Botswana,35.0,15.0,20.0,1.0,0.0,0.0,0.0,0.0
2020-05-27,Bhutan,27.0,36.0,6.0,0.0,0.0,0.0,0.0,0.0
2020-05-27,The Gambia,25.0,11.0,13.0,1.0,0.0,0.0,0.0,0.0
2020-05-27,Antigua and Barbuda,25.0,259.0,,3.0,0.0,0.0,0.0,
2020-05-27,Timor-Leste,24.0,17.0,24.0,0.0,0.0,0.0,0.0,0.0
2020-05-27,Grenada,23.0,205.0,18.0,0.0,0.0,0.0,0.0,0.0
2020-05-27,Namibia,21.0,9.0,14.0,0.0,0.0,0.0,0.0,0.0
2020-05-27,Laos,19.0,3.0,14.0,0.0,0.0,0.0,0.0,0.0
2020-05-27,Belize,18.0,44.0,16.0,2.0,0.0,0.0,0.0,0.0
2020-05-27,Fiji,18.0,20.0,15.0,0.0,0.0,0.0,0.0,0.0
2020-05-27,New Caledonia,18.0,64.0,18.0,0.0,0.0,0.0,0.0,0.0
2020-05-27,Saint Lucia,18.0,101.0,18.0,0.0,0.0,0.0,0.0,0.0
2020-05-27,Saint Vincent and the Grenadines,18.0,163.0,,0.0,0.0,0.0,0.0,
2020-05-27,Curaçao,18.0,113.0,14.0,1.0,0.0,0.0,0.0,0.0
2020-05-27,Dominica,16.0,223.0,16.0,0.0,0.0,0.0,0.0,0.0
2020-05-27,Saint Kitts and Nevis,15.0,284.0,,0.0,0.0,0.0,0.0,
2020-05-27,Falkland Islands (Islas Malvinas),13.0,,13.0,0.0,0.0,,0.0,0.0
2020-05-27,Greenland,12.0,214.0,11.0,0.0,0.0,0.0,0.0,0.0
2020-05-27,Vatican City,12.0,,2.0,0.0,0.0,,0.0,0.0
2020-05-27,Åland Islands,11.0,368.0,,,0.0,0.0,,
2020-05-27,Montserrat,11.0,,10.0,1.0,0.0,,0.0,0.0
2020-05-27,Suriname,11.0,19.0,9.0,1.0,0.0,0.0,0.0,0.0
2020-05-27,Seychelles,11.0,113.0,11.0,0.0,0.0,0.0,0.0,0.0
2020-05-27,British Virgin Islands,8.0,266.0,6.0,1.0,0.0,0.0,0.0,0.0
2020-05-27,Papua New Guinea,8.0,1.0,8.0,0.0,0.0,0.0,0.0,0.0
2020-05-27,Caribbean Netherlands,6.0,242.0,,0.0,0.0,0.0,0.0,
2020-05-27,Saint Barthélemy,6.0,,,,0.0,,,
2020-05-27,Anguilla,3.0,202.0,3.0,0.0,0.0,0.0,0.0,0.0
2020-05-27,Saint Pierre and Miquelon,1.0,,,,0.0,,,
2020-05-27,Guernsey,,,,,,,,
2020-05-27,Bouvet Island,,,,,,,,
2020-05-27,British Indian Ocean Territory,,,,,,,,
2020-05-27,Turkmenistan,,,,,,,,
2020-05-27,Svalbard and Jan Mayen,,,,,,,,
2020-05-27,Comoros,,,,,,,,
2020-05-27,Solomon Islands,,,,,,,,
2020-05-27,Christmas Island,,,,,,,,
2020-05-27,Cocos (Keeling) Islands,,,,,,,,
2020-05-27,Cook Islands,,,,,,,,
2020-05-27,French Southern and Antarctic Lands,,,,,,,,
2020-05-27,Federated States of Micronesia,,,,,,,,
2020-05-27,Heard Island and McDonald Islands,,,,,,,,
2020-05-27,Kiribati,,,,,,,,
2020-05-27,Lesotho,,,,,,,,
2020-05-27,Marshall Islands,,,,,,,,
2020-05-27,Niue,,,,,,,,
2020-05-27,North Korea,,,,,,,,
2020-05-27,Nauru,,,,,,,,
2020-05-27,Norfolk Island,,,,,,,,
2020-05-27,Palau,,,,,,,,
2020-05-27,Pitcairn Islands,,,,,,,,
2020-05-27,Samoa,,,,,,,,
2020-05-27,South Georgia and the South Sandwich Islands,,,,,,,,
2020-05-27,Antarctica,,,,,,,,
2020-05-27,Tokelau,,,,,,,,
2020-05-27,Tonga,,,,,,,,
2020-05-27,Turks and Caicos Islands,,,,,,,,
2020-05-27,Tuvalu,,,,,,,,
2020-05-27,United States Minor Outlying Islands,,,,,,,,
2020-05-27,Vanuatu,,,,,,,,
2020-05-27,"Saint Helena, Ascension and Tristan da Cunha",,,,,,,,
2020-05-27,Wallis and Futuna,,,,,,,,
2020-05-27,Western Sahara,,,,,,,,
2020-05-27,Réunion,,,,,,,,
